 Row  Column 
  8     6 
  4     5 
  4     9 
  6     6 
  4     1 

Simulation 1
Topology 1
 From  To  Distance 
  0     2  5,385165 
  0     3  2,000000 
  1     4  3,162278 
  1     3  1,000000 
  2     4  5,830952 
Topology 2
 From  To  Distance 
  0     2  5,385165 
  0     3  2,000000 
  0     1  2,236068 
  1     4  3,162278 
  1     3  1,000000 
  2     4  5,830952 
Topology 3
 From  To  Distance 
  0     2  5,385165 
  0     3  2,000000 
  0     1  2,236068 
  1     4  3,162278 
  1     3  1,000000 
  1     2  5,099020 
  2     4  5,830952 
Topology 4
 From  To  Distance 
  0     2  5,385165 
  0     3  2,000000 
  0     1  2,236068 
  0     4  3,605551 
  1     4  3,162278 
  1     3  1,000000 
  1     2  5,099020 
  2     4  5,830952 
Topology 5
 From  To  Distance 
  0     2  5,385165 
  0     3  2,000000 
  0     1  2,236068 
  0     4  3,605551 
  1     4  3,162278 
  1     3  1,000000 
  1     2  5,099020 
  2     4  5,830952 
  2     3  5,000000 
Topology 6
 From  To  Distance 
